10.000000 10.322581 10.645161 10.967742 11.290323 11.612903 11.935484 12.258065 12.580645 12.903226 13.225806 13.548387 13.870968 14.193548 14.516129 14.838710 15.161290 15.483871 15.806452 16.129032 16.451613 16.774194 17.096774 17.419355 17.741935 18.064516 18.387097 18.709677 19.032258 19.354839 19.677419 20.000000 
10.322581 10.645159 10.967738 11.290317 11.612895 11.935474 12.258053 12.580632 12.903212 13.225791 13.548370 13.870950 14.193530 14.516110 14.838690 15.161271 15.483851 15.806432 16.129013 16.451595 16.774176 17.096758 17.419339 17.741921 18.064503 18.387086 18.709668 19.032250 19.354833 19.677415 19.999998 20.322581 
10.645161 10.967738 11.290315 11.612892 11.935468 12.258046 12.580623 12.903200 13.225778 13.548356 13.870935 14.193513 14.516092 14.838672 15.161252 15.483832 15.806413 16.128994 16.451575 16.774157 17.096739 17.419322 17.741905 18.064488 18.387071 18.709655 19.032239 19.354823 19.677408 19.999992 20.322577 20.645161 
10.967742 11.290317 11.612892 11.935467 12.258042 12.580617 12.903193 13.225769 13.548345 13.870922 14.193499 14.516077 14.838655 15.161234 15.483814 15.806394 16.128974 16.451556 16.774137 17.096720 17.419303 17.741886 18.064470 18.387055 18.709640 19.032225 19.354811 19.677396 19.999983 20.322569 20.645155 20.967742 
11.290323 11.612895 11.935468 12.258042 12.580615 12.903189 13.225763 13.548337 13.870912 14.193488 14.516064 14.838641 15.161219 15.483797 15.806376 16.128956 16.451537 16.774118 17.096700 17.419283 17.741867 18.064451 18.387036 18.709622 19.032208 19.354795 19.677382 19.999970 20.322558 20.645146 20.967734 21.290323 
11.612903 11.935474 12.258046 12.580617 12.903189 13.225761 13.548333 13.870907 14.193480 14.516055 14.838630 15.161206 15.483783 15.806361 16.128939 16.451519 16.774100 17.096681 17.419264 17.741847 18.064432 18.387017 18.709603 19.032190 19.354777 19.677366 19.999954 20.322544 20.645133 20.967723 21.290313 21.612903 
11.935484 12.258053 12.580623 12.903193 13.225763 13.548333 13.870905 14.193476 14.516049 14.838622 15.161196 15.483772 15.806348 16.128925 16.451504 16.774083 17.096664 17.419245 17.741828 18.064412 18.386997 18.709584 19.032171 19.354759 19.677347 19.999937 20.322527 20.645118 20.967709 21.290300 21.612892 21.935484 
12.258065 12.580632 12.903200 13.225769 13.548337 13.870907 14.193476 14.516047 14.838618 15.161191 15.483764 15.806338 16.128914 16.451491 16.774069 17.096648 17.419229 17.741811 18.064394 18.386978 18.709564 19.032151 19.354739 19.677328 19.999918 20.322509 20.645100 20.967692 21.290285 21.612878 21.935471 22.258065 
12.580645 12.903212 13.225778 13.548345 13.870912 14.193480 14.516049 14.838618 15.161189 15.483760 15.806332 16.128906 16.451481 16.774058 17.096635 17.419215 17.741795 18.064377 18.386961 18.709546 19.032132 19.354720 19.677308 19.999898 20.322489 20.645081 20.967674 21.290267 21.612861 21.935456 22.258050 22.580645 
12.903226 13.225791 13.548356 13.870922 14.193488 14.516055 14.838622 15.161191 15.483760 15.806330 16.128902 16.451475 16.774050 17.096626 17.419203 17.741783 18.064363 18.386945 18.709529 19.032114 19.354701 19.677289 19.999879 20.322470 20.645062 20.967654 21.290248 21.612843 21.935438 22.258034 22.580630 22.903226 
13.225806 13.548370 13.870935 14.193499 14.516064 14.838630 15.161196 15.483764 15.806332 16.128902 16.451473 16.774046 17.096620 17.419196 17.741773 18.064352 18.386933 18.709515 19.032099 19.354685 19.677272 19.999861 20.322451 20.645042 20.967635 21.290229 21.612823 21.935419 22.258015 22.580612 22.903209 23.225806 
13.548387 13.870950 14.193513 14.516077 14.838641 15.161206 15.483772 15.806338 16.128906 16.451475 16.774046 17.096618 17.419192 17.741767 18.064344 18.386923 18.709504 19.032086 19.354670 19.677256 19.999844 20.322433 20.645024 20.967616 21.290209 21.612804 21.935399 22.257996 22.580593 22.903191 23.225789 23.548387 
13.870968 14.193530 14.516092 14.838655 15.161219 15.483783 15.806348 16.128914 16.451481 16.774050 17.096620 17.419192 17.741765 18.064340 18.386917 18.709496 19.032077 19.354659 19.677244 19.999830 20.322418 20.645007 20.967598 21.290191 21.612785 21.935380 22.257976 22.580574 22.903171 23.225770 23.548369 23.870968 
14.193548 14.516110 14.838672 15.161234 15.483797 15.806361 16.128925 16.451491 16.774058 17.096626 17.419196 17.741767 18.064340 18.386915 18.709492 19.032071 19.354651 19.677234 19.999818 20.322405 20.644993 20.967583 21.290174 21.612767 21.935362 22.257957 22.580554 22.903152 23.225750 23.548349 23.870949 24.193548 
14.516129 14.838690 15.161252 15.483814 15.806376 16.128939 16.451504 16.774069 17.096635 17.419203 17.741773 18.064344 18.386917 18.709492 19.032069 19.354647 19.677228 19.999811 20.322395 20.644982 20.967570 21.290160 21.612752 21.935345 22.257940 22.580536 22.903133 23.225731 23.548330 23.870929 24.193529 24.516129 
14.838710 15.161271 15.483832 15.806394 16.128956 16.451519 16.774083 17.096648 17.419215 17.741783 18.064352 18.386923 18.709496 19.032071 19.354647 19.677226 19.999807 20.322389 20.644974 20.967561 21.290149 21.612739 21.935331 22.257924 22.580519 22.903115 23.225713 23.548311 23.870910 24.193509 24.516109 24.838710 
15.161290 15.483851 15.806413 16.128974 16.451537 16.774100 17.096664 17.419229 17.741795 18.064363 18.386933 18.709504 19.032077 19.354651 19.677228 19.999807 20.322387 20.644970 20.967555 21.290141 21.612730 21.935320 22.257912 22.580505 22.903100 23.225696 23.548293 23.870891 24.193490 24.516090 24.838690 25.161290 
15.483871 15.806432 16.128994 16.451556 16.774118 17.096681 17.419245 17.741811 18.064377 18.386945 18.709515 19.032086 19.354659 19.677234 19.999811 20.322389 20.644970 20.967553 21.290137 21.612724 21.935312 22.257902 22.580494 22.903087 23.225682 23.548278 23.870875 24.193473 24.516072 24.838671 25.161271 25.483871 
15.806452 16.129013 16.451575 16.774137 17.096700 17.419264 17.741828 18.064394 18.386961 18.709529 19.032099 19.354670 19.677244 19.999818 20.322395 20.644974 20.967555 21.290137 21.612722 21.935308 22.257896 22.580486 22.903078 23.225671 23.548265 23.870861 24.193457 24.516055 24.838654 25.161253 25.483852 25.806452 
16.129032 16.451595 16.774157 17.096720 17.419283 17.741847 18.064412 18.386978 18.709546 19.032114 19.354685 19.677256 19.999830 20.322405 20.644982 20.967561 21.290141 21.612724 21.935308 22.257894 22.580482 22.903072 23.225663 23.548255 23.870849 24.193445 24.516041 24.838638 25.161236 25.483834 25.806433 26.129032 
16.451613 16.774176 17.096739 17.419303 17.741867 18.064432 18.386997 18.709564 19.032132 19.354701 19.677272 19.999844 20.322418 20.644993 20.967570 21.290149 21.612730 21.935312 22.257896 22.580482 22.903070 23.225659 23.548250 23.870842 24.193435 24.516030 24.838625 25.161222 25.483819 25.806417 26.129015 26.451613 
16.774194 17.096758 17.419322 17.741886 18.064451 18.387017 18.709584 19.032151 19.354720 19.677289 19.999861 20.322433 20.645007 20.967583 21.290160 21.612739 21.935320 22.257902 22.580486 22.903072 23.225659 23.548248 23.870838 24.193429 24.516022 24.838616 25.161211 25.483806 25.806402 26.128999 26.451596 26.774194 
17.096774 17.419339 17.741905 18.064470 18.387036 18.709603 19.032171 19.354739 19.677308 19.999879 20.322451 20.645024 20.967598 21.290174 21.612752 21.935331 22.257912 22.580494 22.903078 23.225663 23.548250 23.870838 24.193427 24.516018 24.838610 25.161203 25.483797 25.806391 26.128986 26.451582 26.774178 27.096774 
17.419355 17.741921 18.064488 18.387055 18.709622 19.032190 19.354759 19.677328 19.999898 20.322470 20.645042 20.967616 21.290191 21.612767 21.935345 22.257924 22.580505 22.903087 23.225671 23.548255 23.870842 24.193429 24.516018 24.838608 25.161199 25.483791 25.806383 26.128977 26.451571 26.774165 27.096760 27.419355 
17.741935 18.064503 18.387071 18.709640 19.032208 19.354777 19.677347 19.999918 20.322489 20.645062 20.967635 21.290209 21.612785 21.935362 22.257940 22.580519 22.903100 23.225682 23.548265 23.870849 24.193435 24.516022 24.838610 25.161199 25.483789 25.806380 26.128971 26.451563 26.774156 27.096749 27.419342 27.741935 
18.064516 18.387086 18.709655 19.032225 19.354795 19.677366 19.999937 20.322509 20.645081 20.967654 21.290229 21.612804 21.935380 22.257957 22.580536 22.903115 23.225696 23.548278 23.870861 24.193445 24.516030 24.838616 25.161203 25.483791 25.806380 26.128969 26.451559 26.774150 27.096741 27.419333 27.741924 28.064516 
18.387097 18.709668 19.032239 19.354811 19.677382 19.999954 20.322527 20.645100 20.967674 21.290248 21.612823 21.935399 22.257976 22.580554 22.903133 23.225713 23.548293 23.870875 24.193457 24.516041 24.838625 25.161211 25.483797 25.806383 26.128971 26.451559 26.774148 27.096737 27.419327 27.741917 28.064507 28.387097 
18.709677 19.032250 19.354823 19.677396 19.999970 20.322544 20.645118 20.967692 21.290267 21.612843 21.935419 22.257996 22.580574 22.903152 23.225731 23.548311 23.870891 24.193473 24.516055 24.838638 25.161222 25.483806 25.806391 26.128977 26.451563 26.774150 27.096737 27.419325 27.741913 28.064501 28.387089 28.709677 
19.032258 19.354833 19.677408 19.999983 20.322558 20.645133 20.967709 21.290285 21.612861 21.935438 22.258015 22.580593 22.903171 23.225750 23.548330 23.870910 24.193490 24.516072 24.838654 25.161236 25.483819 25.806402 26.128986 26.451571 26.774156 27.096741 27.419327 27.741913 28.064499 28.387085 28.709672 29.032258 
19.354839 19.677415 19.999992 20.322569 20.645146 20.967723 21.290300 21.612878 21.935456 22.258034 22.580612 22.903191 23.225770 23.548349 23.870929 24.193509 24.516090 24.838671 25.161253 25.483834 25.806417 26.128999 26.451582 26.774165 27.096749 27.419333 27.741917 28.064501 28.387085 28.709670 29.032254 29.354839 
19.677419 19.999998 20.322577 20.645155 20.967734 21.290313 21.612892 21.935471 22.258050 22.580630 22.903209 23.225789 23.548369 23.870949 24.193529 24.516109 24.838690 25.161271 25.483852 25.806433 26.129015 26.451596 26.774178 27.096760 27.419342 27.741924 28.064507 28.387089 28.709672 29.032254 29.354837 29.677419 
20.000000 20.322581 20.645161 20.967742 21.290323 21.612903 21.935484 22.258065 22.580645 22.903226 23.225806 23.548387 23.870968 24.193548 24.516129 24.838710 25.161290 25.483871 25.806452 26.129032 26.451613 26.774194 27.096774 27.419355 27.741935 28.064516 28.387097 28.709677 29.032258 29.354839 29.677419 30.000000 
