10.000000 10.078740 10.157480 10.236220 10.314961 10.393701 10.472441 10.551181 10.629921 10.708661 10.787402 10.866142 10.944882 11.023622 11.102362 11.181102 11.259843 11.338583 11.417323 11.496063 11.574803 11.653543 11.732283 11.811024 11.889764 11.968504 12.047244 12.125984 12.204724 12.283465 12.362205 12.440945 12.519685 12.598425 12.677165 12.755906 12.834646 12.913386 12.992126 13.070866 13.149606 13.228346 13.307087 13.385827 13.464567 13.543307 13.622047 13.700787 13.779528 13.858268 13.937008 14.015748 14.094488 14.173228 14.251969 14.330709 14.409449 14.488189 14.566929 14.645669 14.724409 14.803150 14.881890 14.960630 15.039370 15.118110 15.196850 15.275591 15.354331 15.433071 15.511811 15.590551 15.669291 15.748031 15.826772 15.905512 15.984252 16.062992 16.141732 16.220472 16.299213 16.377953 16.456693 16.535433 16.614173 16.692913 16.771654 16.850394 16.929134 17.007874 17.086614 17.165354 17.244094 17.322835 17.401575 17.480315 17.559055 17.637795 17.716535 17.795276 17.874016 17.952756 18.031496 18.110236 18.188976 18.267717 18.346457 18.425197 18.503937 18.582677 18.661417 18.740157 18.818898 18.897638 18.976378 19.055118 19.133858 19.212598 19.291339 19.370079 19.448819 19.527559 19.606299 19.685039 19.763780 19.842520 19.921260 20.000000 
10.078740 10.157478 10.236217 10.314955 10.393693 10.472431 10.551169 10.629907 10.708646 10.787384 10.866122 10.944860 11.023599 11.102337 11.181075 11.259813 11.338552 11.417290 11.496028 11.574767 11.653505 11.732244 11.810982 11.889721 11.968459 12.047198 12.125936 12.204675 12.283413 12.362152 12.440891 12.519629 12.598368 12.677107 12.755846 12.834585 12.913323 12.992062 13.070801 13.149540 13.228279 13.307019 13.385758 13.464497 13.543236 13.621975 13.700715 13.779454 13.858193 13.936933 14.015672 14.094412 14.173151 14.251891 14.330631 14.409370 14.488110 14.566850 14.645590 14.724330 14.803070 14.881810 14.960550 15.039290 15.118030 15.196770 15.275511 15.354251 15.432991 15.511732 15.590472 15.669213 15.747953 15.826694 15.905434 15.984175 16.062916 16.141657 16.220397 16.299138 16.377879 16.456620 16.535361 16.614102 16.692843 16.771584 16.850326 16.929067 17.007808 17.086549 17.165291 17.244032 17.322774 17.401515 17.480257 17.558998 17.637740 17.716481 17.795223 17.873965 17.952706 18.031448 18.110190 18.188932 18.267673 18.346415 18.425157 18.503899 18.582641 18.661383 18.740125 18.818867 18.897609 18.976351 19.055093 19.133835 19.212577 19.291319 19.370061 19.448803 19.527545 19.606287 19.685029 19.763772 19.842514 19.921256 19.999998 20.078740 
10.157480 10.236217 10.314953 10.393689 10.472425 10.551161 10.629898 10.708634 10.787370 10.866106 10.944843 11.023579 11.102315 11.181052 11.259788 11.338525 11.417261 11.495998 11.574734 11.653471 11.732207 11.810944 11.889681 11.968418 12.047154 12.125891 12.204628 12.283365 12.362102 12.440839 12.519577 12.598314 12.677051 12.755789 12.834526 12.913264 12.992001 13.070739 13.149477 13.228215 13.306953 13.385691 13.464429 13.543167 13.621905 13.700644 13.779382 13.858121 13.936859 14.015598 14.094337 14.173076 14.251815 14.330554 14.409293 14.488032 14.566772 14.645511 14.724251 14.802990 14.881730 14.960470 15.039210 15.117950 15.196690 15.275430 15.354171 15.432911 15.511652 15.590392 15.669133 15.747874 15.826615 15.905356 15.984097 16.062838 16.141580 16.220321 16.299062 16.377804 16.456546 16.535288 16.614029 16.692771 16.771513 16.850256 16.928998 17.007740 17.086482 17.165225 17.243967 17.322710 17.401453 17.480195 17.558938 17.637681 17.716424 17.795167 17.873910 17.952654 18.031397 18.110140 18.188883 18.267627 18.346370 18.425114 18.503857 18.582601 18.661345 18.740088 18.818832 18.897576 18.976320 19.055064 19.133808 19.212552 19.291295 19.370039 19.448783 19.527528 19.606272 19.685016 19.763760 19.842504 19.921248 19.999992 20.078736 20.157480 
10.236220 10.314955 10.393689 10.472423 10.551157 10.629892 10.708626 10.787360 10.866094 10.944829 11.023563 11.102298 11.181032 11.259767 11.338501 11.417236 11.495970 11.574705 11.653440 11.732175 11.810909 11.889644 11.968379 12.047115 12.125850 12.204585 12.283320 12.362056 12.440791 12.519527 12.598263 12.676999 12.755734 12.834471 12.913207 12.991943 13.070679 13.149416 13.228152 13.306889 13.385626 13.464363 13.543100 13.621837 13.700574 13.779312 13.858050 13.936787 14.015525 14.094263 14.173001 14.251740 14.330478 14.409217 14.487955 14.566694 14.645433 14.724172 14.802911 14.881651 14.960390 15.039130 15.117870 15.196610 15.275350 15.354090 15.432831 15.511572 15.590312 15.669053 15.747794 15.826535 15.905277 15.984018 16.062760 16.141502 16.220243 16.298985 16.377728 16.456470 16.535212 16.613955 16.692698 16.771441 16.850184 16.928927 17.007670 17.086413 17.165157 17.243900 17.322644 17.401388 17.480132 17.558876 17.637620 17.716364 17.795109 17.873853 17.952598 18.031343 18.110087 18.188832 18.267577 18.346322 18.425067 18.503813 18.582558 18.661303 18.740049 18.818794 18.897540 18.976285 19.055031 19.133777 19.212522 19.291268 19.370014 19.448760 19.527506 19.606252 19.684998 19.763744 19.842490 19.921236 19.999982 20.078728 20.157474 20.236220 
10.314961 10.393693 10.472425 10.551157 10.629890 10.708622 10.787354 10.866087 10.944819 11.023551 11.102284 11.181016 11.259749 11.338481 11.417214 11.495947 11.574680 11.653413 11.732146 11.810879 11.889612 11.968345 12.047078 12.125812 12.204545 12.283279 12.362013 12.440747 12.519481 12.598215 12.676949 12.755683 12.834418 12.913152 12.991887 13.070622 13.149357 13.228093 13.306828 13.385564 13.464299 13.543035 13.621771 13.700507 13.779244 13.857980 13.936717 14.015454 14.094191 14.172928 14.251666 14.330404 14.409141 14.487879 14.566618 14.645356 14.724095 14.802833 14.881572 14.960312 15.039051 15.117791 15.196530 15.275270 15.354010 15.432751 15.511491 15.590232 15.668973 15.747714 15.826456 15.905197 15.983939 16.062681 16.141423 16.220165 16.298908 16.377650 16.456393 16.535136 16.613879 16.692623 16.771366 16.850110 16.928854 17.007598 17.086342 17.165087 17.243831 17.322576 17.401321 17.480066 17.558811 17.637557 17.716302 17.795048 17.873794 17.952539 18.031286 18.110032 18.188778 18.267524 18.346271 18.425018 18.503764 18.582511 18.661258 18.740005 18.818753 18.897500 18.976247 19.054995 19.133742 19.212490 19.291237 19.369985 19.448733 19.527481 19.606228 19.684976 19.763724 19.842472 19.921220 19.999968 20.078716 20.157464 20.236213 20.314961 
10.393701 10.472431 10.551161 10.629892 10.708622 10.787352 10.866083 10.944813 11.023543 11.102274 11.181004 11.259735 11.338466 11.417196 11.495927 11.574658 11.653389 11.732120 11.810851 11.889583 11.968314 12.047046 12.125777 12.204509 12.283241 12.361973 12.440705 12.519437 12.598170 12.676902 12.755635 12.834368 12.913101 12.991835 13.070568 13.149302 13.228036 13.306770 13.385504 13.464238 13.542973 13.621708 13.700443 13.779178 13.857913 13.936649 14.015385 14.094121 14.172857 14.251594 14.330331 14.409068 14.487805 14.566543 14.645280 14.724018 14.802756 14.881495 14.960234 15.038973 15.117712 15.196451 15.275191 15.353931 15.432671 15.511411 15.590152 15.668893 15.747634 15.826375 15.905117 15.983859 16.062601 16.141343 16.220086 16.298829 16.377572 16.456315 16.535059 16.613802 16.692546 16.771290 16.850035 16.928780 17.007524 17.086269 17.165015 17.243760 17.322506 17.401252 17.479998 17.558744 17.637491 17.716237 17.794984 17.873731 17.952478 18.031226 18.109973 18.188721 18.267469 18.346217 18.424965 18.503713 18.582462 18.661210 18.739959 18.818708 18.897457 18.976206 19.054955 19.133704 19.212453 19.291203 19.369952 19.448702 19.527452 19.606201 19.684951 19.763701 19.842451 19.921201 19.999951 20.078701 20.157451 20.236201 20.314951 20.393701 
10.472441 10.551169 10.629898 10.708626 10.787354 10.866083 10.944811 11.023539 11.102268 11.180997 11.259725 11.338454 11.417183 11.495911 11.574640 11.653369 11.732099 11.810828 11.889557 11.968287 12.047016 12.125746 12.204476 12.283206 12.361937 12.440667 12.519398 12.598128 12.676859 12.755590 12.834322 12.913053 12.991785 13.070517 13.149249 13.227981 13.306714 13.385447 13.464180 13.542913 13.621647 13.700380 13.779114 13.857849 13.936583 14.015318 14.094053 14.172788 14.251524 14.330260 14.408996 14.487732 14.566469 14.645206 14.723943 14.802681 14.881419 14.960157 15.038895 15.117634 15.196373 15.275112 15.353852 15.432591 15.511332 15.590072 15.668813 15.747554 15.826295 15.905037 15.983779 16.062521 16.141263 16.220006 16.298749 16.377493 16.456236 16.534980 16.613724 16.692469 16.771213 16.849958 16.928704 17.007449 17.086195 17.164941 17.243687 17.322434 17.401181 17.479928 17.558675 17.637423 17.716170 17.794918 17.873666 17.952415 18.031163 18.109912 18.188661 18.267410 18.346160 18.424909 18.503659 18.582409 18.661159 18.739909 18.818660 18.897410 18.976161 19.054912 19.133663 19.212414 19.291165 19.369916 19.448667 19.527419 19.606170 19.684922 19.763674 19.842425 19.921177 19.999929 20.078681 20.157433 20.236185 20.314937 20.393689 20.472441 
10.551181 10.629907 10.708634 10.787360 10.866087 10.944813 11.023539 11.102266 11.180993 11.259719 11.338446 11.417173 11.495900 11.574627 11.653354 11.732081 11.810808 11.889536 11.968263 12.046991 12.125719 12.204447 12.283175 12.361904 12.440632 12.519361 12.598090 12.676819 12.755549 12.834278 12.913008 12.991738 13.070469 13.149199 13.227930 13.306661 13.385393 13.464124 13.542856 13.621588 13.700321 13.779053 13.857786 13.936520 14.015253 14.093987 14.172721 14.251456 14.330191 14.408926 14.487661 14.566397 14.645133 14.723870 14.802606 14.881343 14.960081 15.038819 15.117557 15.196295 15.275034 15.353773 15.432513 15.511252 15.589993 15.668733 15.747474 15.826215 15.904957 15.983699 16.062441 16.141183 16.219926 16.298669 16.377413 16.456157 16.534901 16.613645 16.692390 16.771136 16.849881 16.928627 17.007373 17.086119 17.164866 17.243613 17.322360 17.401108 17.479856 17.558604 17.637352 17.716101 17.794850 17.873599 17.952349 18.031099 18.109849 18.188599 18.267349 18.346100 18.424851 18.503602 18.582353 18.661105 18.739857 18.818608 18.897360 18.976113 19.054865 19.133618 19.212370 19.291123 19.369876 19.448629 19.527383 19.606136 19.684889 19.763643 19.842396 19.921150 19.999904 20.078658 20.157411 20.236165 20.314919 20.393673 20.472427 20.551181 
10.629921 10.708646 10.787370 10.866094 10.944819 11.023543 11.102268 11.180993 11.259717 11.338442 11.417167 11.495892 11.574617 11.653342 11.732067 11.810792 11.889518 11.968244 12.046970 12.125696 12.204422 12.283148 12.361875 12.440601 12.519328 12.598056 12.676783 12.755511 12.834239 12.912967 12.991695 13.070424 13.149153 13.227882 13.306612 13.385341 13.464071 13.542802 13.621532 13.700264 13.778995 13.857727 13.936458 14.015191 14.093923 14.172657 14.251390 14.330124 14.408858 14.487592 14.566327 14.645062 14.723798 14.802534 14.881270 14.960007 15.038744 15.117481 15.196219 15.274957 15.353696 15.432435 15.511174 15.589914 15.668654 15.747395 15.826135 15.904877 15.983618 16.062361 16.141103 16.219846 16.298589 16.377333 16.456077 16.534821 16.613566 16.692311 16.771057 16.849803 16.928549 17.007295 17.086042 17.164790 17.243537 17.322285 17.401034 17.479782 17.558531 17.637281 17.716030 17.794780 17.873530 17.952281 18.031032 18.109783 18.188534 18.267286 18.346038 18.424790 18.503542 18.582295 18.661048 18.739801 18.818554 18.897308 18.976062 19.054815 19.133570 19.212324 19.291078 19.369833 19.448588 19.527343 19.606098 19.684853 19.763608 19.842364 19.921119 19.999875 20.078630 20.157386 20.236142 20.314898 20.393654 20.472409 20.551165 20.629921 
10.708661 10.787384 10.866106 10.944829 11.023551 11.102274 11.180997 11.259719 11.338442 11.417165 11.495888 11.574611 11.653334 11.732057 11.810781 11.889504 11.968228 12.046952 12.125676 12.204400 12.283125 12.361849 12.440574 12.519299 12.598025 12.676750 12.755476 12.834202 12.912929 12.991655 13.070382 13.149110 13.227837 13.306565 13.385293 13.464022 13.542751 13.621480 13.700209 13.778939 13.857669 13.936400 14.015131 14.093862 14.172594 14.251326 14.330059 14.408792 14.487525 14.566259 14.644993 14.723728 14.802463 14.881198 14.959934 15.038670 15.117407 15.196144 15.274881 15.353619 15.432358 15.511097 15.589836 15.668576 15.747316 15.826056 15.904797 15.983539 16.062281 16.141023 16.219766 16.298509 16.377253 16.455997 16.534741 16.613486 16.692231 16.770977 16.849723 16.928470 17.007217 17.085964 17.164712 17.243460 17.322209 17.400958 17.479707 17.558457 17.637207 17.715957 17.794708 17.873459 17.952211 18.030963 18.109715 18.188467 18.267220 18.345973 18.424726 18.503480 18.582234 18.660988 18.739742 18.818497 18.897252 18.976007 19.054763 19.133518 19.212274 19.291030 19.369786 19.448543 19.527299 19.606056 19.684813 19.763570 19.842327 19.921085 19.999842 20.078599 20.157357 20.236115 20.314872 20.393630 20.472388 20.551146 20.629904 20.708661 
10.787402 10.866122 10.944843 11.023563 11.102284 11.181004 11.259725 11.338446 11.417167 11.495888 11.574609 11.653330 11.732051 11.810773 11.889494 11.968216 12.046938 12.125660 12.204383 12.283105 12.361828 12.440551 12.519274 12.597998 12.676721 12.755445 12.834170 12.912894 12.991619 13.070344 13.149070 13.227796 13.306522 13.385248 13.463975 13.542702 13.621430 13.700158 13.778886 13.857615 13.936344 14.015074 14.093804 14.172534 14.251265 14.329996 14.408728 14.487460 14.566193 14.644926 14.723659 14.802393 14.881128 14.959863 15.038598 15.117334 15.196070 15.274807 15.353544 15.432282 15.511020 15.589759 15.668498 15.747238 15.825978 15.904719 15.983460 16.062201 16.140943 16.219686 16.298429 16.377173 16.455917 16.534661 16.613406 16.692151 16.770897 16.849644 16.928391 17.007138 17.085886 17.164634 17.243382 17.322131 17.400881 17.479631 17.558381 17.637132 17.715883 17.794635 17.873386 17.952139 18.030891 18.109645 18.188398 18.267152 18.345906 18.424660 18.503415 18.582170 18.660926 18.739681 18.818437 18.897194 18.975950 19.054707 19.133464 19.212222 19.290979 19.369737 19.448495 19.527253 19.606011 19.684770 19.763529 19.842287 19.921046 19.999806 20.078565 20.157324 20.236084 20.314843 20.393603 20.472363 20.551122 20.629882 20.708642 20.787402 
10.866142 10.944860 11.023579 11.102298 11.181016 11.259735 11.338454 11.417173 11.495892 11.574611 11.653330 11.732049 11.810769 11.889488 11.968208 12.046928 12.125648 12.204369 12.283089 12.361810 12.440531 12.519252 12.597974 12.676696 12.755418 12.834140 12.912863 12.991586 13.070310 13.149033 13.227758 13.306482 13.385207 13.463932 13.542658 13.621384 13.700110 13.778837 13.857564 13.936292 14.015020 14.093748 14.172477 14.251207 14.329937 14.408667 14.487398 14.566129 14.644861 14.723594 14.802326 14.881060 14.959794 15.038528 15.117263 15.195998 15.274734 15.353471 15.432208 15.510945 15.589683 15.668422 15.747161 15.825900 15.904641 15.983381 16.062122 16.140864 16.219606 16.298349 16.377093 16.455837 16.534581 16.613326 16.692071 16.770817 16.849564 16.928311 17.007058 17.085806 17.164555 17.243304 17.322053 17.400803 17.479553 17.558304 17.637055 17.715807 17.794559 17.873312 17.952065 18.030819 18.109573 18.188327 18.267082 18.345837 18.424592 18.503348 18.582104 18.660861 18.739618 18.818375 18.897133 18.975890 19.054649 19.133407 19.212166 19.290925 19.369684 19.448444 19.527203 19.605963 19.684723 19.763484 19.842244 19.921005 19.999766 20.078527 20.157288 20.236049 20.314810 20.393572 20.472333 20.551095 20.629857 20.708618 20.787380 20.866142 
10.944882 11.023599 11.102315 11.181032 11.259749 11.338466 11.417183 11.495900 11.574617 11.653334 11.732051 11.810769 11.889486 11.968204 12.046922 12.125640 12.204359 12.283077 12.361796 12.440515 12.519235 12.597954 12.676674 12.755395 12.834115 12.912836 12.991557 13.070279 13.149001 13.227723 13.306446 13.385169 13.463892 13.542616 13.621340 13.700065 13.778790 13.857516 13.936242 14.014969 14.093696 14.172423 14.251151 14.329880 14.408609 14.487338 14.566068 14.644799 14.723530 14.802262 14.880994 14.959727 15.038460 15.117194 15.195928 15.274663 15.353399 15.432135 15.510871 15.589609 15.668347 15.747085 15.825824 15.904564 15.983304 16.062044 16.140786 16.219528 16.298270 16.377013 16.455757 16.534501 16.613246 16.691991 16.770737 16.849483 16.928231 17.006978 17.085726 17.164475 17.243224 17.321974 17.400724 17.479475 17.558226 17.636978 17.715730 17.794483 17.873236 17.951990 18.030744 18.109499 18.188254 18.267010 18.345766 18.424522 18.503279 18.582036 18.660794 18.739552 18.818310 18.897069 18.975828 19.054588 19.133347 19.212107 19.290868 19.369628 19.448389 19.527151 19.605912 19.684674 19.763436 19.842198 19.920960 19.999723 20.078485 20.157248 20.236011 20.314774 20.393537 20.472301 20.551064 20.629828 20.708591 20.787355 20.866118 20.944882 
11.023622 11.102337 11.181052 11.259767 11.338481 11.417196 11.495911 11.574627 11.653342 11.732057 11.810773 11.889488 11.968204 12.046920 12.125636 12.204353 12.283069 12.361786 12.440504 12.519221 12.597939 12.676657 12.755375 12.834094 12.912813 12.991532 13.070252 13.148972 13.227692 13.306413 13.385134 13.463856 13.542578 13.621301 13.700024 13.778747 13.857471 13.936196 14.014921 14.093646 14.172372 14.251098 14.329825 14.408553 14.487281 14.566010 14.644739 14.723469 14.802199 14.880930 14.959662 15.038394 15.117127 15.195860 15.274594 15.353329 15.432064 15.510800 15.589536 15.668273 15.747011 15.825749 15.904488 15.983227 16.061967 16.140708 16.219450 16.298192 16.376934 16.455678 16.534422 16.613166 16.691911 16.770657 16.849403 16.928150 17.006898 17.085646 17.164395 17.243144 17.321894 17.400645 17.479396 17.558147 17.636900 17.715652 17.794406 17.873159 17.951914 18.030669 18.109424 18.188180 18.266936 18.345693 18.424450 18.503208 18.581966 18.660725 18.739484 18.818243 18.897003 18.975763 19.054524 19.133285 19.212046 19.290808 19.369570 19.448332 19.527095 19.605858 19.684621 19.763384 19.842148 19.920912 19.999676 20.078440 20.157205 20.235970 20.314734 20.393499 20.472264 20.551030 20.629795 20.708560 20.787326 20.866091 20.944857 21.023622 
11.102362 11.181075 11.259788 11.338501 11.417214 11.495927 11.574640 11.653354 11.732067 11.810781 11.889494 11.968208 12.046922 12.125636 12.204351 12.283066 12.361780 12.440496 12.519211 12.597927 12.676643 12.755359 12.834076 12.912793 12.991510 13.070228 13.148946 13.227665 13.306384 13.385103 13.463823 13.542543 13.621264 13.699986 13.778707 13.857430 13.936152 14.014876 14.093599 14.172324 14.251049 14.329774 14.408500 14.487227 14.565954 14.644682 14.723410 14.802140 14.880869 14.959599 15.038330 15.117062 15.195794 15.274527 15.353260 15.431995 15.510729 15.589465 15.668201 15.746938 15.825675 15.904413 15.983152 16.061892 16.140632 16.219373 16.298114 16.376856 16.455599 16.534343 16.613087 16.691832 16.770577 16.849323 16.928070 17.006818 17.085566 17.164315 17.243064 17.321814 17.400565 17.479316 17.558068 17.636820 17.715573 17.794327 17.873081 17.951836 18.030592 18.109348 18.188104 18.266861 18.345619 18.424377 18.503135 18.581894 18.660654 18.739414 18.818174 18.896935 18.975696 19.054458 19.133220 19.211983 19.290746 19.369509 19.448273 19.527037 19.605801 19.684565 19.763330 19.842095 19.920861 19.999626 20.078392 20.157158 20.235925 20.314691 20.393458 20.472225 20.550991 20.629759 20.708526 20.787293 20.866060 20.944827 21.023595 21.102362 
11.181102 11.259813 11.338525 11.417236 11.495947 11.574658 11.653369 11.732081 11.810792 11.889504 11.968216 12.046928 12.125640 12.204353 12.283066 12.361778 12.440492 12.519205 12.597919 12.676633 12.755347 12.834062 12.912777 12.991493 13.070208 13.148925 13.227641 13.306359 13.385076 13.463794 13.542513 13.621232 13.699951 13.778671 13.857391 13.936113 14.014834 14.093556 14.172279 14.251002 14.329726 14.408451 14.487176 14.565901 14.644628 14.723355 14.802082 14.880811 14.959540 15.038269 15.117000 15.195731 15.274462 15.353195 15.431928 15.510661 15.589396 15.668131 15.746867 15.825603 15.904341 15.983079 16.061817 16.140557 16.219297 16.298038 16.376779 16.455522 16.534265 16.613009 16.691753 16.770498 16.849244 16.927991 17.006738 17.085486 17.164234 17.242984 17.321734 17.400485 17.479236 17.557988 17.636741 17.715494 17.794248 17.873003 17.951758 18.030514 18.109270 18.188027 18.266785 18.345543 18.424302 18.503061 18.581821 18.660581 18.739342 18.818103 18.896865 18.975627 19.054390 19.133153 19.211917 19.290681 19.369445 19.448210 19.526975 19.605741 19.684507 19.763273 19.842040 19.920807 19.999574 20.078341 20.157109 20.235877 20.314645 20.393413 20.472181 20.550950 20.629719 20.708488 20.787257 20.866026 20.944795 21.023564 21.102333 21.181102 
11.259843 11.338552 11.417261 11.495970 11.574680 11.653389 11.732099 11.810808 11.889518 11.968228 12.046938 12.125648 12.204359 12.283069 12.361780 12.440492 12.519203 12.597915 12.676627 12.755339 12.834052 12.912765 12.991479 13.070193 13.148907 13.227622 13.306337 13.385053 13.463769 13.542485 13.621202 13.699920 13.778638 13.857357 13.936076 14.014796 14.093516 14.172237 14.250959 14.329681 14.408404 14.487128 14.565852 14.644577 14.723302 14.802028 14.880755 14.959483 15.038211 15.116940 15.195669 15.274400 15.353131 15.431863 15.510595 15.589329 15.668063 15.746798 15.825533 15.904270 15.983007 16.061745 16.140483 16.219223 16.297963 16.376704 16.455445 16.534188 16.612931 16.691675 16.770420 16.849165 16.927911 17.006658 17.085406 17.164155 17.242904 17.321654 17.400404 17.479156 17.557908 17.636661 17.715414 17.794168 17.872923 17.951679 18.030435 18.109192 18.187949 18.266707 18.345466 18.424225 18.502985 18.581746 18.660507 18.739268 18.818030 18.896793 18.975556 19.054320 19.133084 19.211849 19.290614 19.369379 19.448145 19.526912 19.605679 19.684446 19.763213 19.841981 19.920750 19.999518 20.078287 20.157056 20.235825 20.314595 20.393365 20.472135 20.550905 20.629676 20.708446 20.787217 20.865988 20.944758 21.023529 21.102300 21.181071 21.259843 
11.338583 11.417290 11.495998 11.574705 11.653413 11.732120 11.810828 11.889536 11.968244 12.046952 12.125660 12.204369 12.283077 12.361786 12.440496 12.519205 12.597915 12.676625 12.755335 12.834046 12.912757 12.991469 13.070181 13.148893 13.227606 13.306319 13.385033 13.463747 13.542462 13.621177 13.699893 13.778609 13.857326 13.936043 14.014762 14.093480 14.172199 14.250919 14.329640 14.408361 14.487083 14.565805 14.644529 14.723252 14.801977 14.880702 14.959428 15.038155 15.116883 15.195611 15.274340 15.353070 15.431800 15.510532 15.589264 15.667997 15.746731 15.825465 15.904200 15.982937 16.061674 16.140411 16.219150 16.297889 16.376629 16.455370 16.534112 16.612855 16.691598 16.770342 16.849087 16.927833 17.006580 17.085327 17.164075 17.242824 17.321574 17.400324 17.479076 17.557828 17.636580 17.715334 17.794088 17.872843 17.951599 18.030355 18.109112 18.187870 18.266629 18.345388 18.424148 18.502908 18.581669 18.660431 18.739193 18.817956 18.896719 18.975483 19.054248 19.133013 19.211779 19.290545 19.369311 19.448078 19.526846 19.605614 19.684382 19.763151 19.841920 19.920690 19.999460 20.078230 20.157000 20.235771 20.314542 20.393314 20.472085 20.550857 20.629629 20.708401 20.787174 20.865946 20.944719 21.023491 21.102264 21.181037 21.259810 21.338583 
11.417323 11.496028 11.574734 11.653440 11.732146 11.810851 11.889557 11.968263 12.046970 12.125676 12.204383 12.283089 12.361796 12.440504 12.519211 12.597919 12.676627 12.755335 12.834044 12.912753 12.991463 13.070173 13.148883 13.227594 13.306305 13.385017 13.463729 13.542442 13.621156 13.699869 13.778584 13.857299 13.936014 14.014731 14.093447 14.172165 14.250883 14.329602 14.408321 14.487041 14.565762 14.644484 14.723206 14.801929 14.880653 14.959377 15.038103 15.116829 15.195555 15.274283 15.353011 15.431741 15.510471 15.589202 15.667933 15.746666 15.825399 15.904133 15.982868 16.061604 16.140341 16.219079 16.297817 16.376556 16.455297 16.534038 16.612780 16.691522 16.770266 16.849010 16.927755 17.006502 17.085249 17.163996 17.242745 17.321494 17.400245 17.478996 17.557748 17.636500 17.715254 17.794008 17.872763 17.951519 18.030275 18.109033 18.187791 18.266550 18.345309 18.424069 18.502830 18.581592 18.660354 18.739117 18.817880 18.896644 18.975409 19.054174 19.132940 19.211707 19.290474 19.369241 19.448009 19.526778 19.605547 19.684316 19.763086 19.841857 19.920627 19.999399 20.078170 20.156942 20.235714 20.314487 20.393259 20.472033 20.550806 20.629579 20.708353 20.787127 20.865901 20.944675 21.023450 21.102224 21.180999 21.259773 21.338548 21.417323 
11.496063 11.574767 11.653471 11.732175 11.810879 11.889583 11.968287 12.046991 12.125696 12.204400 12.283105 12.361810 12.440515 12.519221 12.597927 12.676633 12.755339 12.834046 12.912753 12.991461 13.070169 13.148877 13.227586 13.306296 13.385005 13.463716 13.542426 13.621138 13.699850 13.778562 13.857275 13.935989 14.014703 14.093418 14.172134 14.250850 14.329567 14.408285 14.487003 14.565722 14.644442 14.723163 14.801884 14.880606 14.959329 15.038053 15.116777 15.195503 15.274229 15.352956 15.431684 15.510412 15.589142 15.667872 15.746604 15.825336 15.904069 15.982803 16.061537 16.140273 16.219010 16.297747 16.376485 16.455225 16.533965 16.612706 16.691448 16.770191 16.848934 16.927679 17.006425 17.085171 17.163918 17.242667 17.321416 17.400165 17.478916 17.557668 17.636420 17.715174 17.793928 17.872683 17.951439 18.030195 18.108953 18.187711 18.266470 18.345230 18.423990 18.502751 18.581513 18.660276 18.739039 18.817803 18.896568 18.975333 19.054099 19.132866 19.211633 19.290401 19.369169 19.447938 19.526708 19.605478 19.684248 19.763019 19.841791 19.920563 19.999335 20.078108 20.156881 20.235654 20.314428 20.393202 20.471977 20.550752 20.629527 20.708302 20.787077 20.865853 20.944629 21.023405 21.102181 21.180957 21.259734 21.338510 21.417287 21.496063 
11.574803 11.653505 11.732207 11.810909 11.889612 11.968314 12.047016 12.125719 12.204422 12.283125 12.361828 12.440531 12.519235 12.597939 12.676643 12.755347 12.834052 12.912757 12.991463 13.070169 13.148875 13.227582 13.306290 13.384997 13.463706 13.542415 13.621124 13.699834 13.778545 13.857256 13.935968 14.014680 14.093393 14.172107 14.250821 14.329536 14.408252 14.486969 14.565686 14.644404 14.723123 14.801843 14.880563 14.959284 15.038006 15.116729 15.195453 15.274178 15.352903 15.431629 15.510357 15.589085 15.667814 15.746544 15.825275 15.904006 15.982739 16.061473 16.140207 16.218943 16.297679 16.376416 16.455155 16.533894 16.612634 16.691375 16.770117 16.848860 16.927604 17.006349 17.085095 17.163841 17.242589 17.321338 17.400087 17.478837 17.557589 17.636341 17.715094 17.793848 17.872603 17.951359 18.030115 18.108872 18.187631 18.266390 18.345150 18.423910 18.502672 18.581434 18.660197 18.738961 18.817725 18.896490 18.975256 19.054023 19.132790 19.211558 19.290327 19.369096 19.447866 19.526636 19.605407 19.684178 19.762950 19.841723 19.920496 19.999269 20.078043 20.156817 20.235592 20.314367 20.393143 20.471918 20.550695 20.629471 20.708248 20.787025 20.865802 20.944579 21.023357 21.102135 21.180912 21.259690 21.338469 21.417247 21.496025 21.574803 
11.653543 11.732244 11.810944 11.889644 11.968345 12.047046 12.125746 12.204447 12.283148 12.361849 12.440551 12.519252 12.597954 12.676657 12.755359 12.834062 12.912765 12.991469 13.070173 13.148877 13.227582 13.306288 13.384993 13.463700 13.542407 13.621114 13.699822 13.778531 13.857240 13.935950 14.014660 14.093371 14.172083 14.250796 14.329509 14.408223 14.486938 14.565653 14.644370 14.723087 14.801805 14.880523 14.959243 15.037963 15.116684 15.195407 15.274130 15.352853 15.431578 15.510304 15.589031 15.667758 15.746487 15.825216 15.903947 15.982678 16.061410 16.140144 16.218878 16.297613 16.376349 16.455087 16.533825 16.612564 16.691304 16.770045 16.848787 16.927530 17.006275 17.085020 17.163766 17.242513 17.321261 17.400010 17.478759 17.557510 17.636262 17.715015 17.793769 17.872523 17.951279 18.030035 18.108792 18.187551 18.266310 18.345070 18.423830 18.502592 18.581354 18.660118 18.738882 18.817646 18.896412 18.975178 19.053945 19.132713 19.211482 19.290251 19.369021 19.447791 19.526562 19.605334 19.684106 19.762879 19.841653 19.920427 19.999201 20.077976 20.156751 20.235527 20.314304 20.393080 20.471857 20.550635 20.629413 20.708191 20.786969 20.865748 20.944527 21.023306 21.102085 21.180864 21.259644 21.338424 21.417204 21.495983 21.574763 21.653543 
11.732283 11.810982 11.889681 11.968379 12.047078 12.125777 12.204476 12.283175 12.361875 12.440574 12.519274 12.597974 12.676674 12.755375 12.834076 12.912777 12.991479 13.070181 13.148883 13.227586 13.306290 13.384993 13.463698 13.542403 13.621108 13.699814 13.778521 13.857228 13.935936 14.014645 14.093354 14.172064 14.250774 14.329486 14.408198 14.486911 14.565624 14.644339 14.723054 14.801770 14.880487 14.959205 15.037923 15.116643 15.195363 15.274085 15.352807 15.431530 15.510254 15.588979 15.667705 15.746433 15.825161 15.903890 15.982620 16.061351 16.140082 16.218816 16.297550 16.376285 16.455021 16.533758 16.612496 16.691235 16.769975 16.848716 16.927458 17.006202 17.084946 17.163691 17.242438 17.321185 17.399933 17.478683 17.557433 17.636184 17.714936 17.793690 17.872444 17.951199 18.029955 18.108712 18.187471 18.266229 18.344989 18.423750 18.502512 18.581274 18.660038 18.738802 18.817567 18.896333 18.975100 19.053867 19.132635 19.211404 19.290174 19.368944 19.447715 19.526487 19.605260 19.684033 19.762806 19.841581 19.920356 19.999131 20.077907 20.156683 20.235460 20.314238 20.393016 20.471794 20.550572 20.629351 20.708131 20.786911 20.865691 20.944471 21.023251 21.102032 21.180813 21.259594 21.338376 21.417157 21.495939 21.574720 21.653502 21.732283 
11.811024 11.889721 11.968418 12.047115 12.125812 12.204509 12.283206 12.361904 12.440601 12.519299 12.597998 12.676696 12.755395 12.834094 12.912793 12.991493 13.070193 13.148893 13.227594 13.306296 13.384997 13.463700 13.542403 13.621106 13.699810 13.778515 13.857220 13.935926 14.014633 14.093340 14.172048 14.250757 14.329466 14.408176 14.486887 14.565599 14.644311 14.723025 14.801739 14.880454 14.959170 15.037887 15.116605 15.195324 15.274043 15.352764 15.431485 15.510208 15.588931 15.667656 15.746381 15.825108 15.903835 15.982564 16.061293 16.140024 16.218756 16.297488 16.376222 16.454957 16.533693 16.612430 16.691168 16.769907 16.848647 16.927388 17.006131 17.084874 17.163618 17.242364 17.321110 17.399858 17.478607 17.557356 17.636107 17.714859 17.793612 17.872366 17.951120 18.029876 18.108633 18.187391 18.266150 18.344909 18.423670 18.502432 18.581194 18.659958 18.738722 18.817487 18.896253 18.975020 19.053788 19.132556 19.211326 19.290096 19.368867 19.447638 19.526411 19.605184 19.683958 19.762732 19.841507 19.920283 19.999059 20.077836 20.156613 20.235391 20.314170 20.392948 20.471728 20.550508 20.629288 20.708069 20.786850 20.865631 20.944412 21.023194 21.101977 21.180759 21.259542 21.338324 21.417107 21.495890 21.574674 21.653457 21.732240 21.811024 
11.889764 11.968459 12.047154 12.125850 12.204545 12.283241 12.361937 12.440632 12.519328 12.598025 12.676721 12.755418 12.834115 12.912813 12.991510 13.070208 13.148907 13.227606 13.306305 13.385005 13.463706 13.542407 13.621108 13.699810 13.778513 13.857216 13.935920 14.014625 14.093330 14.172036 14.250743 14.329450 14.408158 14.486867 14.565577 14.644288 14.722999 14.801712 14.880425 14.959139 15.037854 15.116570 15.195287 15.274005 15.352724 15.431444 15.510165 15.588886 15.667609 15.746333 15.825058 15.903784 15.982511 16.061239 16.139968 16.218699 16.297430 16.376162 16.454896 16.533631 16.612366 16.691103 16.769841 16.848580 16.927320 17.006062 17.084804 17.163547 17.242292 17.321038 17.399784 17.478532 17.557281 17.636031 17.714783 17.793535 17.872288 17.951042 18.029798 18.108554 18.187312 18.266070 18.344830 18.423590 18.502352 18.581114 18.659877 18.738642 18.817407 18.896173 18.974940 19.053708 19.132477 19.211247 19.290017 19.368788 19.447560 19.526333 19.605107 19.683881 19.762656 19.841432 19.920208 19.998985 20.077763 20.156541 20.235320 20.314099 20.392879 20.471660 20.550441 20.629222 20.708004 20.786786 20.865568 20.944351 21.023135 21.101918 21.180702 21.259486 21.338270 21.417055 21.495839 21.574624 21.653409 21.732194 21.810979 21.889764 
11.968504 12.047198 12.125891 12.204585 12.283279 12.361973 12.440667 12.519361 12.598056 12.676750 12.755445 12.834140 12.912836 12.991532 13.070228 13.148925 13.227622 13.306319 13.385017 13.463716 13.542415 13.621114 13.699814 13.778515 13.857216 13.935918 14.014621 14.093324 14.172028 14.250733 14.329438 14.408145 14.486852 14.565560 14.644268 14.722978 14.801688 14.880400 14.959112 15.037825 15.116539 15.195254 15.273971 15.352688 15.431406 15.510125 15.588845 15.667566 15.746288 15.825012 15.903736 15.982461 16.061188 16.139916 16.218644 16.297374 16.376105 16.454838 16.533571 16.612305 16.691041 16.769778 16.848515 16.927254 17.005995 17.084736 17.163478 17.242222 17.320967 17.399713 17.478460 17.557208 17.635957 17.714707 17.793459 17.872212 17.950965 18.029720 18.108476 18.187233 18.265991 18.344750 18.423511 18.502272 18.581034 18.659797 18.738562 18.817327 18.896093 18.974860 19.053628 19.132397 19.211167 19.289938 19.368709 19.447482 19.526255 19.605029 19.683804 19.762579 19.841356 19.920133 19.998910 20.077689 20.156468 20.235247 20.314028 20.392808 20.471590 20.550372 20.629154 20.707937 20.786720 20.865504 20.944288 21.023072 21.101857 21.180642 21.259428 21.338213 21.416999 21.495785 21.574571 21.653358 21.732144 21.810931 21.889717 21.968504 
12.047244 12.125936 12.204628 12.283320 12.362013 12.440705 12.519398 12.598090 12.676783 12.755476 12.834170 12.912863 12.991557 13.070252 13.148946 13.227641 13.306337 13.385033 13.463729 13.542426 13.621124 13.699822 13.778521 13.857220 13.935920 14.014621 14.093322 14.172024 14.250727 14.329430 14.408135 14.486840 14.565546 14.644253 14.722960 14.801669 14.880378 14.959089 15.037800 15.116512 15.195225 15.273940 15.352655 15.431371 15.510088 15.588807 15.667526 15.746247 15.824968 15.903691 15.982415 16.061140 16.139866 16.218593 16.297322 16.376051 16.454782 16.533514 16.612247 16.690981 16.769716 16.848453 16.927191 17.005930 17.084670 17.163411 17.242154 17.320898 17.399642 17.478389 17.557136 17.635884 17.714634 17.793385 17.872137 17.950890 18.029644 18.108399 18.187156 18.265913 18.344672 18.423432 18.502193 18.580955 18.659718 18.738482 18.817247 18.896013 18.974780 19.053548 19.132317 19.211087 19.289858 19.368629 19.447402 19.526176 19.604950 19.683725 19.762501 19.841278 19.920056 19.998834 20.077613 20.156393 20.235173 20.313954 20.392736 20.471518 20.550301 20.629084 20.707868 20.786652 20.865437 20.944222 21.023007 21.101793 21.180580 21.259366 21.338153 21.416941 21.495728 21.574516 21.653303 21.732091 21.810879 21.889668 21.968456 22.047244 
12.125984 12.204675 12.283365 12.362056 12.440747 12.519437 12.598128 12.676819 12.755511 12.834202 12.912894 12.991586 13.070279 13.148972 13.227665 13.306359 13.385053 13.463747 13.542442 13.621138 13.699834 13.778531 13.857228 13.935926 14.014625 14.093324 14.172024 14.250725 14.329426 14.408129 14.486832 14.565536 14.644241 14.722946 14.801653 14.880360 14.959069 15.037778 15.116489 15.195200 15.273912 15.352626 15.431340 15.510056 15.588772 15.667490 15.746209 15.824929 15.903650 15.982372 16.061095 16.139820 16.218545 16.297272 16.376000 16.454729 16.533460 16.612191 16.690924 16.769658 16.848393 16.927130 17.005867 17.084606 17.163347 17.242088 17.320831 17.399574 17.478319 17.557066 17.635813 17.714562 17.793312 17.872063 17.950815 18.029569 18.108323 18.187079 18.265836 18.344595 18.423354 18.502114 18.580876 18.659638 18.738402 18.817167 18.895933 18.974700 19.053468 19.132237 19.211007 19.289778 19.368549 19.447322 19.526096 19.604871 19.683646 19.762422 19.841200 19.919978 19.998756 20.077536 20.156316 20.235097 20.313879 20.392661 20.471444 20.550228 20.629012 20.707797 20.786582 20.865368 20.944154 21.022940 21.101728 21.180515 21.259303 21.338091 21.416879 21.495668 21.574457 21.653246 21.732036 21.810825 21.889615 21.968405 22.047194 22.125984 
12.204724 12.283413 12.362102 12.440791 12.519481 12.598170 12.676859 12.755549 12.834239 12.912929 12.991619 13.070310 13.149001 13.227692 13.306384 13.385076 13.463769 13.542462 13.621156 13.699850 13.778545 13.857240 13.935936 14.014633 14.093330 14.172028 14.250727 14.329426 14.408127 14.486828 14.565530 14.644233 14.722936 14.801641 14.880347 14.959053 15.037761 15.116469 15.195178 15.273889 15.352600 15.431313 15.510027 15.588741 15.667457 15.746174 15.824892 15.903612 15.982332 16.061054 16.139776 16.218500 16.297225 16.375952 16.454680 16.533408 16.612138 16.690870 16.769602 16.848336 16.927071 17.005808 17.084545 17.163284 17.242024 17.320766 17.399508 17.478252 17.556998 17.635744 17.714492 17.793241 17.871991 17.950742 18.029495 18.108249 18.187004 18.265761 18.344518 18.423277 18.502037 18.580798 18.659560 18.738323 18.817088 18.895853 18.974620 19.053388 19.132157 19.210927 19.289697 19.368469 19.447242 19.526016 19.604791 19.683566 19.762343 19.841120 19.919899 19.998678 20.077458 20.156239 20.235020 20.313802 20.392585 20.471369 20.550153 20.628938 20.707724 20.786510 20.865297 20.944084 21.022871 21.101659 21.180448 21.259237 21.338026 21.416816 21.495606 21.574396 21.653187 21.731977 21.810768 21.889559 21.968350 22.047142 22.125933 22.204724 
12.283465 12.362152 12.440839 12.519527 12.598215 12.676902 12.755590 12.834278 12.912967 12.991655 13.070344 13.149033 13.227723 13.306413 13.385103 13.463794 13.542485 13.621177 13.699869 13.778562 13.857256 13.935950 14.014645 14.093340 14.172036 14.250733 14.329430 14.408129 14.486828 14.565528 14.644229 14.722931 14.801633 14.880337 14.959041 15.037747 15.116453 15.195161 15.273869 15.352579 15.431290 15.510001 15.588714 15.667428 15.746143 15.824860 15.903577 15.982296 16.061015 16.139737 16.218459 16.297182 16.375907 16.454633 16.533360 16.612089 16.690819 16.769550 16.848282 16.927016 17.005751 17.084487 17.163224 17.241963 17.320703 17.399445 17.478188 17.556932 17.635677 17.714424 17.793172 17.871921 17.950671 18.029423 18.108176 18.186931 18.265686 18.344443 18.423201 18.501960 18.580721 18.659483 18.738245 18.817009 18.895775 18.974541 19.053308 19.132077 19.210847 19.289617 19.368389 19.447162 19.525936 19.604711 19.683486 19.762263 19.841041 19.919819 19.998599 20.077379 20.156160 20.234942 20.313725 20.392508 20.471293 20.550078 20.628863 20.707649 20.786436 20.865224 20.944012 21.022800 21.101589 21.180379 21.259169 21.337959 21.416750 21.495541 21.574333 21.653124 21.731916 21.810708 21.889501 21.968293 22.047086 22.125879 22.204672 22.283465 
12.362205 12.440891 12.519577 12.598263 12.676949 12.755635 12.834322 12.913008 12.991695 13.070382 13.149070 13.227758 13.306446 13.385134 13.463823 13.542513 13.621202 13.699893 13.778584 13.857275 13.935968 14.014660 14.093354 14.172048 14.250743 14.329438 14.408135 14.486832 14.565530 14.644229 14.722929 14.801629 14.880331 14.959033 15.037737 15.116441 15.195147 15.273854 15.352561 15.431270 15.509980 15.588691 15.667403 15.746116 15.824831 15.903546 15.982263 16.060981 16.139700 16.218421 16.297142 16.375866 16.454590 16.533315 16.612042 16.690770 16.769500 16.848231 16.926963 17.005696 17.084431 17.163167 17.241905 17.320644 17.399384 17.478125 17.556868 17.635612 17.714358 17.793105 17.871853 17.950602 18.029353 18.108105 18.186859 18.265613 18.344369 18.423127 18.501885 18.580645 18.659406 18.738168 18.816932 18.895697 18.974463 19.053230 19.131998 19.210767 19.289538 19.368309 19.447082 19.525856 19.604630 19.683406 19.762183 19.840961 19.919739 19.998519 20.077300 20.156081 20.234863 20.313647 20.392430 20.471215 20.550001 20.628787 20.707574 20.786361 20.865149 20.943938 21.022728 21.101517 21.180308 21.259099 21.337890 21.416682 21.495474 21.574267 21.653060 21.731853 21.810646 21.889440 21.968234 22.047028 22.125822 22.204616 22.283410 22.362205 
